Logistic Regression

Accuracy:          	Avg:    0.440		
                   	StdDev: 0.036		
Precision:         	Avg:    0.362		0.546   0.420   0.377   0.470   0.000   
                   	StdDev: 0.018		0.062   0.067   0.059   0.106   0.000   
Recall:            	Avg:    0.358		0.586   0.405   0.400   0.399   0.000   
                   	StdDev: 0.029		0.122   0.051   0.132   0.085   0.000   
F1:                	Avg:    0.355		0.562   0.407   0.384   0.424   0.000   
                   	StdDev: 0.022		0.079   0.043   0.092   0.071   0.000   

**********************************************

Gaussian Naive Bayes

Accuracy:          	Avg:    0.375		
                   	StdDev: 0.038		
Precision:         	Avg:    0.298		0.366   0.363   0.342   0.421   0.000   
                   	StdDev: 0.037		0.131   0.051   0.084   0.120   0.000   
Recall:            	Avg:    0.321		0.494   0.327   0.192   0.593   0.000   
                   	StdDev: 0.024		0.180   0.116   0.088   0.137   0.000   
F1:                	Avg:    0.295		0.420   0.339   0.238   0.479   0.000   
                   	StdDev: 0.034		0.151   0.089   0.083   0.093   0.000   

**********************************************

Support Vector Machine

Accuracy:          	Avg:    0.298		
                   	StdDev: 0.019		
Precision:         	Avg:    0.145		0.000   0.313   0.412   0.000   0.000   
                   	StdDev: 0.074		0.000   0.049   0.334   0.000   0.000   
Recall:            	Avg:    0.198		0.000   0.614   0.377   0.000   0.000   
                   	StdDev: 0.009		0.000   0.403   0.401   0.000   0.000   
F1:                	Avg:    0.114		0.000   0.348   0.225   0.000   0.000   
                   	StdDev: 0.015		0.000   0.141   0.175   0.000   0.000   

**********************************************

Random Forest

Accuracy:          	Avg:    0.444		
                   	StdDev: 0.043		
Precision:         	Avg:    0.380		0.495   0.428   0.425   0.552   0.000   
                   	StdDev: 0.058		0.184   0.023   0.091   0.096   0.000   
Recall:            	Avg:    0.338		0.298   0.614   0.446   0.333   0.000   
                   	StdDev: 0.034		0.100   0.130   0.093   0.134   0.000   
F1:                	Avg:    0.338		0.370   0.501   0.429   0.390   0.000   
                   	StdDev: 0.037		0.125   0.061   0.067   0.108   0.000   

**********************************************

Boosted Trees

Accuracy:          	Avg:    0.440		
                   	StdDev: 0.029		
Precision:         	Avg:    0.362		0.425   0.449   0.436   0.501   0.000   
                   	StdDev: 0.016		0.068   0.078   0.109   0.108   0.000   
Recall:            	Avg:    0.343		0.401   0.476   0.508   0.330   0.000   
                   	StdDev: 0.024		0.179   0.137   0.089   0.075   0.000   
F1:                	Avg:    0.342		0.404   0.453   0.468   0.386   0.000   
                   	StdDev: 0.021		0.125   0.088   0.098   0.061   0.000   

**********************************************

Bagged Trees

Accuracy:          	Avg:    0.401		
                   	StdDev: 0.021		
Precision:         	Avg:    0.337		0.395   0.392   0.372   0.523   0.000   
                   	StdDev: 0.047		0.207   0.031   0.062   0.070   0.000   
Recall:            	Avg:    0.304		0.205   0.586   0.385   0.342   0.000   
                   	StdDev: 0.018		0.097   0.093   0.114   0.111   0.000   
F1:                	Avg:    0.301		0.264   0.467   0.376   0.399   0.000   
                   	StdDev: 0.022		0.122   0.041   0.085   0.084   0.000   

**********************************************

