Logistic Regression

Accuracy:          	Avg:    0.392		
                   	StdDev: 0.037		
Precision:         	Avg:    0.329		0.473   0.380   0.349   0.442   0.000   
                   	StdDev: 0.016		0.108   0.051   0.042   0.165   0.000   
Recall:            	Avg:    0.315		0.482   0.405   0.346   0.340   0.000   
                   	StdDev: 0.030		0.140   0.074   0.088   0.055   0.000   
F1:                	Avg:    0.316		0.476   0.387   0.341   0.377   0.000   
                   	StdDev: 0.025		0.120   0.044   0.053   0.089   0.000   

**********************************************

Gaussian Naive Bayes

Accuracy:          	Avg:    0.366		
                   	StdDev: 0.045		
Precision:         	Avg:    0.289		0.356   0.360   0.309   0.419   0.000   
                   	StdDev: 0.042		0.137   0.055   0.102   0.121   0.000   
Recall:            	Avg:    0.314		0.473   0.327   0.177   0.593   0.000   
                   	StdDev: 0.029		0.181   0.135   0.099   0.137   0.000   
F1:                	Avg:    0.287		0.406   0.336   0.216   0.477   0.000   
                   	StdDev: 0.038		0.155   0.100   0.097   0.093   0.000   

**********************************************

Support Vector Machine

Accuracy:          	Avg:    0.288		
                   	StdDev: 0.016		
Precision:         	Avg:    0.105		0.000   0.294   0.233   0.000   0.000   
                   	StdDev: 0.051		0.000   0.007   0.223   0.000   0.000   
Recall:            	Avg:    0.191		0.000   0.587   0.369   0.000   0.000   
                   	StdDev: 0.015		0.000   0.379   0.407   0.000   0.000   
F1:                	Avg:    0.109		0.000   0.334   0.209   0.000   0.000   
                   	StdDev: 0.020		0.000   0.133   0.191   0.000   0.000   

**********************************************

Random Forest

Accuracy:          	Avg:    0.398		
                   	StdDev: 0.074		
Precision:         	Avg:    0.355		0.476   0.379   0.360   0.558   0.000   
                   	StdDev: 0.094		0.218   0.051   0.076   0.165   0.000   
Recall:            	Avg:    0.304		0.236   0.558   0.385   0.341   0.000   
                   	StdDev: 0.047		0.080   0.171   0.122   0.047   0.000   
F1:                	Avg:    0.306		0.299   0.447   0.370   0.413   0.000   
                   	StdDev: 0.049		0.090   0.093   0.096   0.066   0.000   

**********************************************

Boosted Trees

Accuracy:          	Avg:    0.460		
                   	StdDev: 0.048		
Precision:         	Avg:    0.385		0.487   0.453   0.447   0.537   0.000   
                   	StdDev: 0.022		0.060   0.061   0.119   0.092   0.000   
Recall:            	Avg:    0.360		0.442   0.504   0.492   0.364   0.000   
                   	StdDev: 0.038		0.149   0.135   0.086   0.092   0.000   
F1:                	Avg:    0.363		0.455   0.471   0.467   0.421   0.000   
                   	StdDev: 0.035		0.102   0.086   0.102   0.070   0.000   

**********************************************

Bagged Trees

Accuracy:          	Avg:    0.392		
                   	StdDev: 0.051		
Precision:         	Avg:    0.340		0.448   0.371   0.369   0.514   0.000   
                   	StdDev: 0.069		0.214   0.034   0.059   0.145   0.000   
Recall:            	Avg:    0.294		0.206   0.572   0.415   0.274   0.000   
                   	StdDev: 0.032		0.094   0.165   0.092   0.116   0.000   
F1:                	Avg:    0.290		0.276   0.445   0.386   0.345   0.000   
                   	StdDev: 0.033		0.122   0.078   0.060   0.134   0.000   

**********************************************

